<?xml version="1.0"?>
<opencv_storage>
<globfeat type_id="opencv-matrix">
  <rows>1</rows>
  <cols>64</cols>
  <dt>f</dt>
  <data>
    0. 5.99307327e+01 6.85027771e+01 8.35125732e+00 0. 3.97033358e+00
    2.84314613e+01 4.79538822e+00 0. 1.26043558e+01 0. 0. 0. 0. 0. 0. 0.
    0. 0. 0. 0. 0. 0. 0. 0. 0. 0. 0. 0. 0. 0. 0. 4.27246618e+00
    4.66756296e+00 1.00052404e+01 0. 7.79347420e+00 0. 0. 0.
    5.70565987e+00 0. 0. 0. 0. 0. 0. 0. 0. 3.96645999e+00 1.49207067e+01
    3.88899016e+00 4.18724918e+00 0. 0. 0. 5.69791269e+00 0. 0. 0.
    3.30796576e+00 0. 0. 0.</data></globfeat>
</opencv_storage>
